1 0 0 0 0 1 0 0 0 0 1 0
0.999984 0.00584773 -0.000112101 -0.0646945 -0.00584778 0.999983 -8.45902e-05 -0.00155276 0.000111601 8.52363e-05 1 -0.000816135
0.999925 0.0122869 -0.000189142 -0.113203 -0.012287 0.999925 -0.000306614 0.00451042 0.000185349 0.000308911 1 -0.000497421
0.99981 0.0195195 5.28507e-05 -0.142168 -0.0195196 0.99981 -0.000328001 0.0148759 -5.92629e-05 0.000326894 1 -0.000647646
0.99959 0.0286521 0.000734495 -0.152636 -0.0286519 0.99959 -0.000508256 0.021385 -0.000748785 0.00048699 1 0.00287843
0.999215 0.039607 0.00146927 -0.160382 -0.0396059 0.999217 -0.000826037 0.0350222 -0.00150087 0.000767179 1 0.00709921
0.998592 0.0530589 0.00175112 -0.206379 -0.0530573 0.998594 -0.00102964 0.0441544 -0.00180333 0.000935257 1 0.0095963
0.997628 0.0688646 0.00175854 -0.298822 -0.0688629 0.997628 -0.00116452 0.0525199 -0.0018346 0.00104063 1 0.0115017
0.996223 0.0868555 0.00184134 -0.39848 -0.0868561 0.996224 9.54974e-05 0.0935003 -0.00182613 -0.000255091 1 0.0153481
0.994297 0.106671 0.00178764 -0.51302 -0.106673 0.994298 0.000765487 0.131959 -0.00169583 -0.000951837 1 0.0120068
0.991643 0.129037 0.00196045 -0.640287 -0.129039 0.991644 0.000605226 0.136131 -0.00186602 -0.000853165 1 0.00721326
0.988184 0.153302 0.00157924 -0.747651 -0.1533 0.988183 -0.00196339 0.119846 -0.00186161 0.00169806 1 0.000634666
0.983923 0.17862 0.00215097 -0.900975 -0.178607 0.983913 -0.00523325 0.147719 -0.00305117 0.00476488 0.999992 -0.00158658
0.978647 0.205572 0.00231373 -1.05457 -0.205551 0.978628 -0.00719582 0.158622 -0.00374356 0.0065665 0.999981 0.00969564
0.972094 0.234618 0.00197418 -1.20275 -0.234595 0.972067 -0.00814814 0.144624 -0.00383075 0.00745754 0.999975 0.0130417
0.963935 0.266163 0.00155879 -1.3983 -0.266139 0.963901 -0.0089997 0.0713009 -0.00389792 0.00826018 0.999969 0.0130777
0.954488 0.298275 0.00131565 -1.62426 -0.29825 0.954449 -0.00954721 -0.00902516 -0.00410343 0.00872019 0.999966 0.0144722
0.943255 0.332096 0.000718208 -1.85576 -0.332071 0.943207 -0.0103517 -0.0456311 -0.00411518 0.00952568 0.99996 0.0142581
0.930613 0.366031 0.000440506 -2.01653 -0.366001 0.930552 -0.0116701 -0.084682 -0.00468152 0.010699 0.999947 0.0176527
0.916707 0.399588 -0.000206052 -2.1992 -0.399557 0.916629 -0.0129173 -0.127772 -0.00497273 0.0119236 0.999932 0.0189956
0.900807 0.434248 0.000198023 -2.35492 -0.434209 0.900731 -0.0130644 -0.132627 -0.0058515 0.0116823 0.999933 0.0282366
0.882333 0.470645 0.0026498 -2.55851 -0.470592 0.882297 -0.0109602 -0.09401 -0.00749621 0.00842342 0.999955 0.0443215
0.861297 0.508103 0.00504164 -2.79197 -0.508047 0.861296 -0.00907422 -0.0110516 -0.00895288 0.00525405 0.999965 0.0455511
0.836508 0.547962 0.00420659 -3.0624 -0.547913 0.836503 -0.00897412 0.110905 -0.00843621 0.00520193 0.999971 0.0405018
0.80789 0.589358 0.000597687 -3.28393 -0.589317 0.807846 -0.0108838 0.202818 -0.00689718 0.0084405 0.999962 0.0361935
0.775453 0.631429 -0.000636316 -3.54459 -0.631391 0.775396 -0.0116827 0.219574 -0.0068833 0.00946099 0.999954 0.0374936
0.739885 0.672756 1.06918e-05 -3.72888 -0.672707 0.739832 -0.0121006 0.290895 -0.00814852 0.00894567 0.999951 0.0527614
0.700103 0.714057 0.00342733 -3.98688 -0.713998 0.700095 -0.0104059 0.540776 -0.0098297 0.00483793 0.999965 0.0670101
0.65753 0.753424 0.00640823 -4.25133 -0.753372 0.65756 -0.00893088 0.794195 -0.0109423 0.0010444 0.999965 0.0738393
0.61299 0.790084 0.0068199 -4.40674 -0.790044 0.613028 -0.00796025 1.06674 -0.0104698 -0.000508581 0.999972 0.0772208
0.564733 0.825266 0.00708003 -4.57871 -0.825238 0.564775 -0.00702898 1.37284 -0.00979917 -0.0018733 0.999978 0.0850909
0.513555 0.85805 0.00708451 -4.76774 -0.858031 0.513598 -0.0063997 1.66619 -0.0091296 -0.00279217 0.999983 0.0830438
0.459946 0.887943 0.00689113 -4.97725 -0.887931 0.459986 -0.00582095 1.93633 -0.00833823 -0.00344155 0.99999 0.0863202
0.404732 0.914434 0.00669623 -5.16385 -0.914428 0.404769 -0.00523225 2.262 -0.0074947 -0.00400557 0.999995 0.0868507
0.348973 0.937135 0.00625088 -5.3564 -0.937134 0.349004 -0.00466157 2.57769 -0.00654983 -0.00423113 1 0.0862415
0.292909 0.956146 0.00589261 -5.50278 -0.956151 0.292934 -0.00351133 2.96564 -0.00508322 -0.00460569 1.00001 0.0927144
0.238571 0.971119 0.00769351 -5.70294 -0.971144 0.238591 -0.00153205 3.29069 -0.00332315 -0.00710591 1 0.106813
0.186988 0.982357 0.00773198 -5.79277 -0.982383 0.187007 -0.00147975 3.65001 -0.00289932 -0.00731896 1.00001 0.0943813
0.137941 0.990446 0.00621452 -5.94542 -0.990463 0.137957 -0.00180788 4.03999 -0.00264768 -0.00590575 1.00002 0.0787731
0.0965414 0.995354 0.00111933 -5.97355 -0.995349 0.0965463 -0.00339584 4.42034 -0.00348786 -0.000786219 1.00003 0.0801057
0.0583865 0.99832 0.000457744 -6.07274 -0.998309 0.0583897 -0.0049857 4.8295 -0.00500375 -0.000165799 1.00003 0.0942504
0.0233661 0.999754 0.000392149 -6.10109 -0.999729 0.0233702 -0.00715107 5.31174 -0.00715814 -0.000224866 1.00002 0.101468
-0.00847765 0.999991 -0.000146887 -6.08212 -0.999957 -0.0084771 -0.00850191 5.83855 -0.00850273 7.4895e-05 1.00001 0.0955276
-0.0367704 0.99935 0.00198795 -5.88538 -0.99931 -0.0367485 -0.00953703 6.56193 -0.00945741 -0.00233712 0.999996 0.128085
-0.0562553 0.998443 0.00219466 -5.87112 -0.998389 -0.0562265 -0.0110184 7.2263 -0.0108775 -0.00281082 0.999981 0.117292
-0.0303423 0.999528 0.00905704 -11.1527 -0.999498 -0.0302277 -0.0123895 7.78637 -0.0121094 -0.00942816 0.999928 0.221542
-0.0338765 0.9994 0.0107191 -11.8984 -0.999388 -0.0337425 -0.0123239 8.37968 -0.0119543 -0.0111298 0.999913 0.23071
-0.0414569 0.999159 0.00508059 -12.0227 -0.999109 -0.0413937 -0.0117144 8.95954 -0.0114938 -0.00556149 0.999966 0.252749
-0.0475782 0.998887 0.00506695 -12.0309 -0.998846 -0.047519 -0.0109866 9.52073 -0.0107332 -0.0055836 0.999975 0.255325
-0.0520029 0.998665 0.00552742 -12.0228 -0.998632 -0.0519416 -0.0104814 10.0943 -0.0101799 -0.00606468 0.999978 0.258321
-0.053826 0.998567 0.00578618 -11.9824 -0.998538 -0.0537637 -0.0102197 10.6503 -0.00989359 -0.00632756 0.999979 0.267277
-0.0531651 0.998591 0.00746645 -11.9429 -0.998584 -0.053095 -0.00911806 11.2545 -0.0087084 -0.00794034 0.999979 0.267337
-0.0519316 0.998652 0.00799576 -11.9058 -0.99866 -0.0518669 -0.00793025 11.8642 -0.00750448 -0.00839654 0.999986 0.26512
-0.0513877 0.998663 0.00997252 -11.8469 -0.998688 -0.0513069 -0.00806025 12.4327 -0.00753744 -0.0103733 0.999968 0.25921
-0.0503337 0.998718 0.00988389 -11.7987 -0.998733 -0.0502432 -0.00907262 13.0604 -0.00856399 -0.0103276 0.999961 0.268897
-0.0499528 0.998744 0.00916902 -11.7763 -0.998755 -0.0498698 -0.00893338 13.645 -0.0084645 -0.00960345 0.99997 0.285761
-0.0488638 0.99879 0.0100492 -11.7306 -0.998823 -0.0487915 -0.00718649 14.3286 -0.00668711 -0.0103881 0.999976 0.289461
-0.0475533 0.998846 0.0106572 -11.6552 -0.998901 -0.047505 -0.00461317 14.9977 -0.00410128 -0.0108645 0.999985 0.284066
-0.0467897 0.998878 0.01108 -11.6086 -0.99894 -0.0467494 -0.00374147 15.7053 -0.00321901 -0.0112429 0.999983 0.285492
-0.0457403 0.998899 0.0133586 -11.5718 -0.99899 -0.0456944 -0.00362047 16.3475 -0.00300579 -0.0135103 0.999956 0.279515
-0.0444072 0.998967 0.0128067 -11.5413 -0.999046 -0.044344 -0.00507131 17.0896 -0.00449786 -0.0130193 0.999958 0.281542
-0.0436211 0.998999 0.0130934 -11.4657 -0.999081 -0.0435546 -0.00522235 17.8324 -0.00464652 -0.0133088 0.999954 0.283435
-0.0428959 0.99899 0.015915 -11.4287 -0.999118 -0.0428353 -0.00404298 18.555 -0.00335689 -0.016074 0.999918 0.28961
-0.0418503 0.999024 0.0165881 -11.3919 -0.999166 -0.0418036 -0.00307338 19.3505 -0.00237668 -0.0167025 0.999911 0.291085
-0.0413924 0.998986 0.019771 -11.3593 -0.999187 -0.041348 -0.00258135 20.039 -0.00176101 -0.0198612 0.999855 0.290682
-0.041044 0.998963 0.0215159 -11.3251 -0.999187 -0.0409151 -0.006341 20.734 -0.00545376 -0.0217581 0.999802 0.307109
-0.0413139 0.998993 0.01951 -11.2967 -0.999125 -0.0410765 -0.0123529 21.3797 -0.0115385 -0.0200028 0.999788 0.341034
-0.0420796 0.998947 0.0202337 -11.2566 -0.999061 -0.0417813 -0.0148861 22.1192 -0.0140244 -0.0208406 0.999739 0.350773
-0.0439449 0.998884 0.0193038 -11.2392 -0.998993 -0.043678 -0.0139749 22.9227 -0.0131156 -0.0198981 0.99977 0.359147
-0.0436076 0.998908 0.0188452 -11.2091 -0.999068 -0.0434611 -0.00805569 23.8049 -0.00722748 -0.0191785 0.999844 0.359224
-0.0437286 0.998922 0.0177893 -11.173 -0.999088 -0.0436889 -0.00255022 24.6931 -0.00177005 -0.0178842 0.999893 0.358162
-0.0455437 0.998858 0.0168356 -11.1515 -0.999005 -0.0455771 0.0016714 25.5722 0.00243691 -0.0167424 0.999912 0.358098
-0.045923 0.998812 0.0184543 -11.1188 -0.998988 -0.0459531 0.00126904 26.4481 0.00211567 -0.0183769 0.999884 0.363906
-0.0465644 0.998789 0.0180569 -11.0794 -0.998961 -0.0465566 -0.000788972 27.3777 5.2847e-05 -0.0180745 0.999891 0.362567
-0.0480144 0.998734 0.0173221 -11.0419 -0.998893 -0.0479875 -0.0019026 28.3236 -0.00106872 -0.0173939 0.999903 0.363218
-0.051552 0.998576 0.0161923 -11.0095 -0.998718 -0.0515364 -0.00131366 29.2856 -0.000477077 -0.016239 0.999923 0.377278
-0.0510991 0.998585 0.0170953 -10.9595 -0.998742 -0.0511015 -0.000239347 30.2398 0.000634776 -0.0170856 0.999908 0.383689
-0.0536256 0.998144 0.0301549 -10.8813 -0.99861 -0.0535883 -0.00201241 31.176 -0.000392499 -0.0302202 0.999598 0.385535
-0.0530856 0.998089 0.0327784 -10.85 -0.99863 -0.0529147 -0.00603281 32.054 -0.00428648 -0.0330528 0.999499 0.404481
-0.0510632 0.998125 0.0348435 -10.8141 -0.998725 -0.0508092 -0.00811005 33.0334 -0.00632406 -0.0352122 0.999415 0.398607
-0.0495753 0.998389 0.0289009 -10.793 -0.998801 -0.0493701 -0.00773846 33.9684 -0.00629874 -0.0292491 0.999607 0.428379
-0.0479001 0.998484 0.0284711 -10.7645 -0.998888 -0.0477197 -0.00695025 34.9396 -0.00558068 -0.0287716 0.999625 0.436738
-0.0462928 0.998689 0.0235134 -10.8562 -0.998977 -0.0462388 -0.00279195 35.68 -0.00170079 -0.0236181 0.999774 0.469627
-0.0462384 0.998633 0.0258503 -10.7813 -0.998978 -0.0462677 0.000575683 36.3567 0.00177108 -0.0257967 0.99972 0.488374
-0.0461679 0.998647 0.0254525 -10.7511 -0.998978 -0.0462349 0.00208878 37.2631 0.00326284 -0.0253295 0.999728 0.486834
-0.046622 0.99861 0.0260394 -10.7139 -0.998958 -0.0466756 0.00149179 37.9651 0.00270525 -0.0259422 0.999714 0.488349
-0.0465219 0.998617 0.0259525 -10.6879 -0.998967 -0.0465154 -0.00082057 38.6912 0.000387951 -0.0259634 0.999718 0.494091
-0.0447212 0.998729 0.0248381 -10.6706 -0.999049 -0.0446649 -0.00277986 39.4228 -0.00166667 -0.0249383 0.999743 0.492999
-0.0445768 0.99879 0.0225004 -10.6502 -0.999051 -0.0444961 -0.00403468 40.1319 -0.00302831 -0.0226585 0.999795 0.49355
-0.04552 0.99878 0.0210834 -10.6355 -0.999007 -0.0454284 -0.00475919 40.8103 -0.00379527 -0.0212787 0.999823 0.500917
-0.0462105 0.998722 0.0222907 -10.5931 -0.998971 -0.0460888 -0.00590349 41.5162 -0.00486823 -0.0225402 0.999791 0.51057
-0.0477949 0.998598 0.0244751 -10.5584 -0.998882 -0.0475983 -0.00852197 42.2476 -0.0073446 -0.0248546 0.999721 0.516505
-0.0486209 0.998531 0.0255706 -10.5125 -0.99884 -0.0484053 -0.00895075 42.9779 -0.00769938 -0.0259757 0.99969 0.522372
-0.0509706 0.998449 0.0242144 -10.4785 -0.998749 -0.0508816 -0.00424512 43.6909 -0.00300617 -0.0244002 0.999755 0.524682
-0.0528895 0.998305 0.0259721 -10.4426 -0.998653 -0.0529042 -9.3348e-05 44.3594 0.00128097 -0.0259417 0.99972 0.538247
-0.0541522 0.998154 0.0289993 -10.4008 -0.998581 -0.0542298 0.00192415 45.0809 0.00349326 -0.0288535 0.999634 0.53858
-0.0568235 0.998007 0.0289763 -10.3586 -0.998434 -0.056892 0.00157258 45.7649 0.00321802 -0.028841 0.999636 0.534906
-0.058399 0.997938 0.0282172 -10.3149 -0.998348 -0.0584129 -0.000304453 46.5975 0.00134458 -0.028188 0.999658 0.524261
-0.0599377 0.997918 0.0256126 -10.2896 -0.998259 -0.0599123 -0.00172886 47.3297 -0.00019054 -0.0256712 0.999727 0.521313
-0.0625355 0.997777 0.0248837 -10.251 -0.9981 -0.062509 -0.00181087 48.0469 -0.00025117 -0.0249493 0.999745 0.524457
-0.0640931 0.99767 0.0252185 -10.2029 -0.998001 -0.0640778 -0.00139063 48.9394 0.000228752 -0.0252569 0.999738 0.523932
-0.0665785 0.997506 0.0252547 -10.1517 -0.997837 -0.0665862 -0.000510836 49.8129 0.0011722 -0.0252338 0.999739 0.523954
-0.0684439 0.997384 0.0250937 -10.1189 -0.997712 -0.0684585 -0.000252975 50.5292 0.0014657 -0.0250532 0.999743 0.52435
-0.0732448 0.997208 0.0173732 -10.0751 -0.99737 -0.0732679 0.00072304 51.2034 0.00199404 -0.0172746 0.999907 0.54112
-0.0830676 0.996311 0.0236208 -10.0216 -0.996598 -0.0831215 0.0013237 52.1571 0.00328227 -0.0234302 0.99978 0.528521
-0.0747169 0.996609 0.035812 -9.89368 -0.997255 -0.0748267 0.00174833 52.7746 0.00442206 -0.0355822 0.999417 0.544496
-0.0740022 0.996609 0.0372915 -9.82374 -0.997291 -0.0742306 0.0047908 53.5815 0.00754255 -0.036835 0.999354 0.557498
-0.0740554 0.996575 0.0381187 -9.75822 -0.997281 -0.0743185 0.00554193 54.4651 0.00835563 -0.0376036 0.999319 0.542538
-0.0600081 0.996715 0.0552761 -9.73551 -0.998233 -0.0603179 0.00396649 55.6147 0.00728743 -0.0549386 0.998523 0.433293
-0.0594205 0.996662 0.056847 -9.7019 -0.998273 -0.0596925 0.00311129 56.3411 0.00649412 -0.0565621 0.998438 0.428458
-0.0575597 0.996767 0.0569146 -9.74039 -0.998395 -0.0577015 0.000859999 57.2245 0.00414125 -0.0567719 0.998439 0.437855
-0.0579255 0.996812 0.055746 -9.7275 -0.998379 -0.0579934 -0.000387533 57.9391 0.00284665 -0.0556763 0.998505 0.451787
-0.0575251 0.996703 0.0580724 -9.7033 -0.998405 -0.0575358 -0.00147588 58.6221 0.00187032 -0.0580627 0.998372 0.441632
-0.0581965 0.996794 0.0557926 -9.54728 -0.998366 -0.0582105 -0.00135667 59.302 0.00189551 -0.0557785 0.998502 0.431834
-0.0582029 0.996876 0.0542922 -9.52371 -0.998363 -0.0582915 6.67312e-05 59.9549 0.00323134 -0.0541976 0.998586 0.441335
-0.0534273 0.996968 0.0574198 -9.47955 -0.998629 -0.0535352 0.000362821 60.5816 0.00343573 -0.0573197 0.998411 0.429745
-0.0476704 0.997294 0.0568179 -9.47899 -0.998918 -0.0478259 0.00140263 61.2274 0.0041162 -0.0566876 0.998445 0.435249
-0.0406226 0.997702 0.0551104 -9.42112 -0.999226 -0.0408309 0.00268719 61.8379 0.00493118 -0.0549567 0.998538 0.431842
-0.0281021 0.998168 0.0544823 -9.40214 -0.999656 -0.028339 0.00361304 62.4585 0.00515032 -0.0543602 0.99857 0.428705
-0.0141894 0.998507 0.0536576 -9.39995 -0.999952 -0.0144357 0.00424745 63.0739 0.00501564 -0.0535928 0.998612 0.42358
0.0043521 0.998666 0.0523694 -9.30851 -1.00004 0.00408961 0.00517337 63.6192 0.00495226 -0.0523923 0.998677 0.417728
0.0258677 0.998361 0.0519746 -9.29537 -0.999724 0.0256278 0.00534089 64.1574 0.00400015 -0.0520965 0.998697 0.417712
0.0506834 0.997338 0.0533283 -9.29805 -0.998778 0.0504564 0.00566957 64.6286 0.00296378 -0.0535484 0.998623 0.414665
0.0801644 0.99531 0.0550037 -9.29029 -0.996848 0.0799594 0.00600073 65.0815 0.00157465 -0.0553093 0.99853 0.408783
0.113682 0.991986 0.0559807 -9.30097 -0.993585 0.113507 0.00639748 65.5286 -7.79316e-06 -0.0563467 0.998473 0.408995
0.150592 0.986957 0.0577205 -9.31792 -0.988663 0.150444 0.00702225 65.9553 -0.00175279 -0.0581213 0.99837 0.405384
0.191011 0.97988 0.0586942 -9.36474 -0.98165 0.1909 0.00763929 66.3709 -0.00371884 -0.0590739 0.998309 0.407732
0.235993 0.970007 0.0590595 -9.45661 -0.971811 0.235886 0.00900388 66.8284 -0.00519711 -0.0595171 0.998276 0.420396
0.282699 0.957268 0.0617453 -9.54026 -0.959247 0.282629 0.0101796 67.2686 -0.00770592 -0.0621041 0.998102 0.440212
0.331373 0.941079 0.0682247 -9.60992 -0.943488 0.331443 0.0107524 67.6948 -0.0124931 -0.0679292 0.997675 0.441171
0.379944 0.922174 0.0730135 -9.74672 -0.92491 0.380216 0.0108191 68.1022 -0.0177829 -0.0716383 0.997335 0.440805
0.430595 0.899279 0.0773181 -9.91167 -0.902328 0.431056 0.011601 68.5302 -0.0228949 -0.0747581 0.997003 0.447672
0.479554 0.874151 0.0773363 -10.045 -0.877179 0.48016 0.0119208 68.9017 -0.026712 -0.073551 0.996997 0.449324
0.524432 0.847834 0.0790028 -10.1108 -0.851001 0.525119 0.0136473 69.2863 -0.0299138 -0.0743851 0.996845 0.458731
0.567864 0.818932 0.0835126 -10.3307 -0.822501 0.568645 0.0165833 69.7278 -0.033907 -0.0781024 0.996433 0.489846
0.610237 0.787262 0.0890171 -10.5095 -0.791425 0.61099 0.0218517 70.1181 -0.0371839 -0.0837809 0.995855 0.489879
0.650481 0.754035 0.0916708 -10.7479 -0.758387 0.651536 0.0221728 70.4699 -0.0430059 -0.0839409 0.995607 0.487682
0.690361 0.717317 0.0946399 -10.9922 -0.721586 0.692216 0.0170456 70.8084 -0.0532819 -0.0800546 0.99543 0.516777
0.728279 0.678186 0.0988698 -11.2412 -0.68207 0.731344 0.00756602 71.1363 -0.0671736 -0.0729428 0.995137 0.536803
0.766025 0.634968 0.10062 -11.5467 -0.638246 0.769925 0.00032542 71.4951 -0.0772597 -0.0644665 0.994992 0.566328
0.801414 0.589614 0.100983 -11.8749 -0.592584 0.805597 -0.000874297 71.8493 -0.0818636 -0.0591376 0.994954 0.599635
0.83225 0.545269 0.10074 -12.1837 -0.547941 0.836601 -0.00148046 72.2021 -0.085083 -0.0539654 0.994978 0.624565
0.86181 0.497142 0.10121 -12.6446 -0.499407 0.866444 -0.00349656 72.5404 -0.0894265 -0.0475293 0.994926 0.676558
0.887585 0.449819 0.0998285 -13.1168 -0.451734 0.892225 -0.0038925 72.8578 -0.0908163 -0.0416392 0.995065 0.722593
0.908474 0.406526 0.097577 -13.5591 -0.407889 0.913086 -0.00652876 73.1448 -0.0917461 -0.033868 0.995275 0.771398
0.925364 0.366572 0.0971533 -14.1144 -0.367485 0.930063 -0.00904362 73.4239 -0.0936695 -0.0273327 0.995298 0.849418
0.939501 0.329055 0.0957891 -14.6616 -0.329581 0.944144 -0.0107961 73.6557 -0.0939866 -0.0214266 0.995415 0.916539
0.949092 0.300549 0.0949257 -15.2386 -0.301008 0.95365 -0.00984212 73.9393 -0.0934791 -0.0192317 0.995509 1.00276
0.956452 0.276374 0.0945205 -15.8795 -0.276793 0.960967 -0.00896237 74.1605 -0.0933032 -0.0175899 0.995556 1.07625
0.96217 0.256094 0.0935925 -16.5154 -0.256377 0.966611 -0.00923934 74.3858 -0.0928289 -0.0151047 0.995641 1.14599
0.967029 0.237599 0.092282 -17.1631 -0.237702 0.971364 -0.0100812 74.5911 -0.0920298 -0.0121864 0.995755 1.22397
0.969515 0.228052 0.0902646 -17.8426 -0.227703 0.973705 -0.0143348 74.8829 -0.0911551 -0.00665568 0.995889 1.28268
0.972369 0.215643 0.0900578 -18.5446 -0.215207 0.976538 -0.0146814 75.0636 -0.0911057 -0.00510537 0.995903 1.362
0.969026 0.23022 0.0900153 -18.8241 -0.229892 0.973193 -0.0141813 76.1934 -0.090862 -0.00695174 0.995915 1.4031
0.969086 0.228888 0.0927259 -19.2604 -0.229136 0.973441 -0.00814663 76.8037 -0.0921226 -0.0133517 0.995734 1.49131
0.971922 0.216786 0.0921324 -19.9163 -0.216971 0.976225 -0.00815682 77.0375 -0.091705 -0.012062 0.995789 1.56409
0.974509 0.204978 0.0918419 -20.592 -0.205101 0.978787 -0.00823737 77.2524 -0.0915771 -0.0108092 0.995814 1.63375
0.976537 0.194585 0.0929 -21.3437 -0.194758 0.980905 -0.00732059 77.4678 -0.0925454 -0.0109439 0.995723 1.71574
0.978089 0.185145 0.0958237 -22.0422 -0.185147 0.982752 -0.00897194 77.6311 -0.0958266 -0.00896595 0.995433 1.78529
0.97925 0.17722 0.0989103 -22.6484 -0.177197 0.984215 -0.00911922 77.8101 -0.0989596 -0.00859639 0.995129 1.85447
0.980468 0.169904 0.0996724 -23.3134 -0.170067 0.98549 -0.00693879 77.953 -0.0993996 -0.0101475 0.99507 1.92492
0.981861 0.163821 0.0960992 -23.9442 -0.164258 0.986493 -0.00341984 78.0747 -0.0953563 -0.0124268 0.995441 1.99739
0.983138 0.159224 0.0906036 -24.7294 -0.159363 0.987284 -0.00577285 78.2068 -0.0903659 -0.0087631 0.995944 2.08076
0.983762 0.157247 0.0872317 -25.3686 -0.157132 0.987626 -0.00825905 78.3126 -0.0874463 -0.00558189 0.996228 2.14919
0.984433 0.153119 0.0870081 -26.0657 -0.152945 0.988278 -0.00873369 78.4291 -0.0873209 -0.00470965 0.996244 2.20755
0.984684 0.151353 0.0872517 -26.7063 -0.151141 0.988552 -0.0090912 78.5182 -0.0876242 -0.00423534 0.996219 2.266
0.985164 0.149086 0.0857367 -27.4299 -0.148806 0.988901 -0.00970893 78.6212 -0.086228 -0.00319333 0.996346 2.33665
0.985747 0.146135 0.0841099 -28.1803 -0.145849 0.989343 -0.00960467 78.7403 -0.0846126 -0.00279958 0.996486 2.40291
0.986279 0.143164 0.0829757 -28.8701 -0.142866 0.989779 -0.0095711 78.8537 -0.0834934 -0.00241474 0.996582 2.46059
0.986563 0.140732 0.0837638 -29.5712 -0.140379 0.990129 -0.0101428 78.9583 -0.0843599 -0.00175231 0.99651 2.51713
0.986542 0.139104 0.0866818 -30.2093 -0.138429 0.990359 -0.0138142 79.0402 -0.087763 0.00162872 0.996217 2.56868
0.986296 0.138163 0.0908936 -30.8552 -0.137248 0.990486 -0.0163012 79.1264 -0.092276 0.0036025 0.995804 2.62838
0.986272 0.137389 0.0923217 -31.5235 -0.136122 0.990575 -0.0199379 79.2076 -0.0941856 0.00709658 0.995607 2.68086
0.986631 0.135217 0.0916759 -32.2083 -0.133891 0.990867 -0.0205234 79.2937 -0.0936084 0.00797378 0.995655 2.75041
0.986884 0.135119 0.0890743 -32.9122 -0.13354 0.990848 -0.0235057 79.3656 -0.0914301 0.0113015 0.995826 2.81776
0.987282 0.134646 0.0852996 -33.5804 -0.13289 0.990874 -0.0259959 79.4464 -0.0880166 0.0143288 0.996094 2.89112
0.9876 0.133002 0.0841907 -34.2896 -0.13122 0.991085 -0.0264118 79.5141 -0.0869482 0.0150358 0.996177 2.95227
0.987907 0.131018 0.0837008 -34.9022 -0.129229 0.991346 -0.0265022 79.5786 -0.0864439 0.0153641 0.996217 3.00626
0.988018 0.130243 0.0836096 -35.5383 -0.128543 0.991463 -0.0254575 79.6559 -0.0862065 0.014404 0.996253 3.06732
0.988022 0.129966 0.0839931 -36.2153 -0.128312 0.991508 -0.024845 79.7339 -0.0865038 0.0137691 0.996237 3.13376
0.988063 0.129452 0.0843074 -36.8889 -0.127899 0.991593 -0.0236193 79.8161 -0.086651 0.0125536 0.996241 3.20006
0.988164 0.128796 0.0841404 -37.6419 -0.127308 0.991687 -0.0228721 79.8946 -0.0863816 0.0118888 0.996274 3.27036
0.988449 0.126773 0.0838812 -38.2852 -0.125317 0.99195 -0.0224633 79.9621 -0.0860485 0.0116913 0.996306 3.32835
0.988366 0.12742 0.0838817 -38.9801 -0.12608 0.991884 -0.0211378 80.043 -0.0858889 0.0103153 0.996337 3.39983
0.988214 0.128351 0.0842684 -39.6572 -0.12731 0.991795 -0.017668 80.1114 -0.0858392 0.0067311 0.996373 3.46479
0.987835 0.131171 0.0843711 -40.5415 -0.130329 0.991441 -0.0154731 80.2259 -0.085673 0.00428858 0.996402 3.54067
0.98735 0.134837 0.0842904 -41.3686 -0.134102 0.990954 -0.0143931 80.285 -0.0854631 0.00290731 0.996426 3.6169
0.987177 0.136157 0.0841991 -42.3187 -0.135277 0.990769 -0.0161333 80.3758 -0.0856128 0.00453586 0.996408 3.70361
0.986808 0.137429 0.0864221 -43.1914 -0.136565 0.990596 -0.0158931 80.4206 -0.0877876 0.00388088 0.996222 3.77214
0.986374 0.139305 0.0883635 -44.0893 -0.138475 0.990338 -0.0155172 80.5085 -0.0896652 0.0030694 0.996059 3.8551
0.985978 0.141753 0.0889025 -44.9788 -0.140923 0.989991 -0.0156187 80.614 -0.0902204 0.00287107 0.99601 3.94351
0.985562 0.144782 0.0886379 -45.892 -0.144115 0.989557 -0.0139475 80.7447 -0.0897253 0.000971929 0.99606 4.02494
0.985116 0.147875 0.0884928 -46.7825 -0.14752 0.989097 -0.0106067 80.8671 -0.0890901 -0.00260549 0.996115 4.10138
0.98472 0.150633 0.0882516 -47.7096 -0.150509 0.988671 -0.00813137 81.0293 -0.0884703 -0.00527519 0.99616 4.17192
0.984508 0.15224 0.0878587 -48.6387 -0.152446 0.988399 -0.00444139 81.1701 -0.0875091 -0.00902045 0.996219 4.26751
0.983767 0.157676 0.0865716 -49.5949 -0.15813 0.987515 -0.00166632 81.3632 -0.0857471 -0.0120494 0.99634 4.35944
0.98423 0.154888 0.0863373 -50.4463 -0.155828 0.987874 0.00418584 81.5006 -0.0846356 -0.0175723 0.996353 4.43661
0.984241 0.154886 0.0862121 -51.3731 -0.155983 0.987838 0.00606874 81.6581 -0.0842174 -0.0194193 0.996354 4.5166
0.983178 0.161308 0.086578 -52.3887 -0.162562 0.986767 0.00756336 81.8683 -0.0842061 -0.0215089 0.996313 4.61219
0.981891 0.168184 0.0880946 -53.4609 -0.169922 0.985476 0.0125299 82.1119 -0.0847015 -0.0272703 0.996129 4.72466
0.981808 0.1681 0.0891616 -54.4271 -0.170063 0.985419 0.0148107 82.2822 -0.0853655 -0.0297022 0.996004 4.80587
0.980872 0.173226 0.0896614 -55.3771 -0.175587 0.984377 0.0190654 82.5654 -0.0849517 -0.0344415 0.995888 4.90253
0.980017 0.178446 0.0887717 -56.3127 -0.180624 0.983503 0.0170431 82.9476 -0.0842596 -0.0327344 0.996005 4.98393
0.979896 0.179497 0.088015 -57.2784 -0.181579 0.983344 0.0161612 83.1517 -0.0836417 -0.0318155 0.996089 5.07081
0.980065 0.178569 0.0880321 -58.1846 -0.180757 0.983475 0.0174506 83.3287 -0.0834547 -0.0330126 0.996067 5.15793
0.979938 0.178679 0.0892158 -59.0805 -0.181025 0.983399 0.0188486 83.4955 -0.0843603 -0.034618 0.995937 5.24129
0.979837 0.178063 0.0915232 -59.9803 -0.180343 0.983555 0.0171749 83.6391 -0.086953 -0.0333315 0.995759 5.32785
0.980011 0.176018 0.0936038 -60.6462 -0.17831 0.983936 0.0166245 83.8087 -0.0891667 -0.03298 0.995576 5.391
0.979955 0.175379 0.0953755 -61.3861 -0.177353 0.98417 0.0125439 83.9391 -0.0916583 -0.0292052 0.995468 5.45381
0.980103 0.174512 0.0954456 -62.1481 -0.176424 0.984346 0.0118748 84.0927 -0.0918716 -0.028475 0.995471 5.52813
0.980406 0.174133 0.093007 -62.9206 -0.176021 0.984411 0.0124035 84.232 -0.0893898 -0.0285292 0.995697 5.59926
0.980826 0.175572 0.0855808 -63.8154 -0.177195 0.98421 0.0116703 84.3846 -0.0821736 -0.0266088 0.996372 5.67172
0.98102 0.175663 0.0831492 -64.6949 -0.177769 0.984001 0.0185511 84.5364 -0.0785535 -0.0329775 0.996475 5.75688
0.98068 0.177179 0.0839518 -65.5538 -0.179543 0.983621 0.0214068 84.6694 -0.0787772 -0.0360631 0.996352 5.82986
0.980391 0.177953 0.0856816 -66.3973 -0.18055 0.98339 0.0234936 84.8153 -0.0800707 -0.0384994 0.996158 5.88849
0.980181 0.178793 0.086332 -67.1047 -0.181599 0.983141 0.0257304 84.9359 -0.0802691 -0.0408947 0.996048 5.95634
0.979663 0.181053 0.0875003 -67.9768 -0.183852 0.982743 0.0249664 85.063 -0.0814629 -0.0405422 0.995966 6.02843
0.978207 0.188603 0.0878508 -68.9269 -0.190933 0.98153 0.0188236 85.187 -0.0826706 -0.0351839 0.996071 6.0948
0.977147 0.193385 0.0892441 -69.8242 -0.195786 0.980573 0.0188736 85.35 -0.0838529 -0.0359118 0.995948 6.17523
0.976433 0.196603 0.0900176 -70.7667 -0.198929 0.979966 0.0175228 85.5023 -0.0847613 -0.0350138 0.995903 6.255
0.97599 0.198785 0.0900422 -71.5573 -0.200875 0.979617 0.0146618 85.6441 -0.0852843 -0.032394 0.995949 6.31271
0.975301 0.202582 0.0890477 -72.4584 -0.204374 0.978937 0.0113677 85.7974 -0.0848612 -0.0292831 0.996082 6.37632
0.97227 0.217485 0.0870149 -73.5094 -0.219329 0.975688 0.0120761 86.0768 -0.0822651 -0.0308231 0.996254 6.47934
0.975898 0.203996 0.0786814 -73.5856 -0.202987 0.979073 -0.0207351 86.7125 -0.0812569 0.00426423 0.996805 6.32037
0.974911 0.208994 0.0778019 -74.3858 -0.208102 0.978025 -0.0195284 86.8894 -0.0801656 0.00284803 0.996899 6.38338
0.973754 0.214375 0.0776549 -75.1837 -0.213567 0.976862 -0.0186954 87.0703 -0.0798581 0.0016206 0.996928 6.45131
0.973155 0.217466 0.0765772 -76.0647 -0.216616 0.976178 -0.0193711 87.2607 -0.0789578 0.00226353 0.996998 6.52083
0.971797 0.22353 0.0763673 -76.8652 -0.222686 0.974807 -0.0195492 86.9761 -0.0788054 0.00199227 0.997011 6.56813
0.970671 0.22849 0.0760058 -77.5507 -0.227453 0.973649 -0.0221947 87.1013 -0.0790665 0.00425626 0.996984 6.62519
0.969276 0.234302 0.0761363 -78.3374 -0.232949 0.972246 -0.0263561 87.2474 -0.0801906 0.00781039 0.996873 6.69089
0.967753 0.240237 0.0770074 -79.0253 -0.238739 0.970785 -0.0282978 87.4134 -0.0815479 0.0090005 0.996753 6.76026
0.966463 0.245175 0.0776615 -79.6983 -0.243751 0.969561 -0.0275065 87.6092 -0.0820336 0.00765378 0.996726 6.82705
0.965658 0.249063 0.0752701 -80.3646 -0.247482 0.968546 -0.0298468 87.7509 -0.0803285 0.0101934 0.996842 6.88938
0.971488 0.230125 0.0587038 -80.4355 -0.22927 0.973249 -0.021072 87.705 -0.0619763 0.00701212 0.998178 6.80941
0.970339 0.235068 0.0581358 -81.2407 -0.234384 0.972082 -0.0184784 87.8652 -0.0608503 0.00430439 0.998262 6.86651
0.969085 0.239499 0.0608837 -81.8593 -0.23912 0.971008 -0.0136026 88.0556 -0.0623701 -0.0013758 0.998177 6.92237
0.967278 0.245362 0.0660658 -82.4672 -0.245171 0.969528 -0.0111846 88.1935 -0.0667904 -0.00537781 0.997877 6.96585
0.96498 0.253818 0.0677067 -83.1409 -0.2535 0.967355 -0.0134566 88.3467 -0.0689052 -0.00417735 0.99774 7.02754
0.962557 0.26318 0.0664542 -83.8106 -0.262839 0.96485 -0.0140462 88.5073 -0.0678085 -0.00394564 0.997816 7.07283
0.960425 0.271603 0.0633496 -84.3487 -0.271431 0.962501 -0.0115583 88.6646 -0.0641073 -0.00609303 0.998049 7.1109
0.957842 0.281572 0.0587836 -84.9909 -0.281447 0.95963 -0.0106442 88.8249 -0.059402 -0.0063479 0.998339 7.15742
0.95471 0.292377 0.0569439 -85.7293 -0.292554 0.956347 -0.00548378 89.0311 -0.056056 -0.0114222 0.998487 7.18832
0.951453 0.30252 0.0584647 -86.3555 -0.302736 0.953173 -0.00544819 89.1933 -0.0573696 -0.012514 0.9984 7.21144
0.947575 0.312943 0.0660901 -87.0601 -0.313216 0.949774 -0.00655018 89.3892 -0.0648143 -0.0144918 0.997918 7.25996
0.944302 0.321473 0.0717573 -87.6151 -0.321837 0.946885 -0.00682977 89.5686 -0.070135 -0.0166427 0.997525 7.30746
0.941063 0.331116 0.0704575 -88.2308 -0.331417 0.943568 -0.00780786 89.7751 -0.0690602 -0.0160011 0.997612 7.37967
0.937637 0.341749 0.0651758 -88.8565 -0.342168 0.939743 -0.00506227 89.9986 -0.0629723 -0.0175523 0.997989 7.41018
0.933771 0.353063 0.060191 -89.4566 -0.353413 0.935572 -0.00518104 90.2779 -0.0581365 -0.0164323 0.998302 7.44041
0.92894 0.365577 0.0602544 -90.1591 -0.365903 0.930755 -0.00603509 90.535 -0.0582825 -0.0164389 0.998295 7.45755
0.923947 0.377366 0.0642472 -90.8681 -0.377881 0.925968 -0.00449845 90.8237 -0.0611822 -0.0201189 0.998056 7.50171
0.919738 0.386679 0.0690871 -91.4353 -0.387224 0.922092 -0.00594773 91.0609 -0.0659979 -0.0212792 0.997725 7.52857
0.916544 0.393443 0.0732357 -92.0225 -0.393975 0.919215 -0.00773138 91.2996 -0.0703542 -0.0217641 0.997417 7.57819
0.912757 0.402032 0.0738899 -92.775 -0.402394 0.915532 -0.0106603 91.6269 -0.0719271 -0.0200001 0.997343 7.6462
0.909014 0.410306 0.074559 -93.4684 -0.410682 0.911841 -0.0110055 91.9363 -0.0724942 -0.0206133 0.99729 7.71494
0.90558 0.418042 0.0733819 -94.0814 -0.418319 0.908346 -0.0123857 92.2467 -0.0718266 -0.0194783 0.997363 7.758
0.902645 0.42497 0.0696728 -94.6593 -0.42538 0.905095 -0.00968927 92.5353 -0.0671713 -0.0208887 0.99766 7.80342
0.900585 0.430085 0.0647902 -95.2979 -0.430658 0.90263 -0.00567146 92.8412 -0.0609145 -0.0227918 0.998021 7.84202
0.898655 0.434978 0.0586449 -95.9435 -0.43544 0.900335 -0.00545914 93.1317 -0.0551689 -0.0206277 0.998403 7.87794
0.896589 0.439309 0.05799 -96.5282 -0.43966 0.898269 -0.0073894 93.4286 -0.0553311 -0.018868 0.998429 7.90179
0.894289 0.443491 0.0615686 -97.2094 -0.443533 0.896287 -0.0138661 93.7704 -0.0613262 -0.0149051 0.998146 7.94889
0.891842 0.447533 0.0675428 -97.7965 -0.447479 0.894272 -0.0168863 94.0494 -0.0679517 -0.0151618 0.997714 7.97945
0.890762 0.449696 0.0674504 -98.3285 -0.449478 0.89322 -0.0193472 94.3356 -0.0689414 -0.0130816 0.997675 8.02543
0.889654 0.452543 0.0628821 -98.8623 -0.452004 0.891845 -0.0235081 94.6078 -0.0667127 -0.00750728 0.997884 8.08092
0.888085 0.456136 0.0590085 -99.3959 -0.455493 0.890032 -0.0248624 94.8562 -0.0638536 -0.00479676 0.998088 8.12868
0.885897 0.460161 0.0606157 -99.9965 -0.4597 0.887934 -0.0223077 95.156 -0.0640814 -0.00810104 0.998052 8.16546
0.884126 0.462928 0.0652341 -100.546 -0.462422 0.886484 -0.0236926 95.4341 -0.0687899 -0.00921666 0.99773 8.2017
0.882805 0.46455 0.071321 -101.045 -0.46424 0.885577 -0.0220021 95.6847 -0.0733738 -0.0136842 0.997353 8.23
0.880535 0.468987 0.0703368 -101.609 -0.468355 0.883288 -0.0263828 95.9489 -0.0744931 -0.00970969 0.997317 8.28217
0.878389 0.473453 0.06718 -102.231 -0.472663 0.880929 -0.0283445 96.2567 -0.0725932 -0.00685441 0.997481 8.33735
0.876738 0.476601 0.0665063 -102.812 -0.475931 0.879219 -0.0267373 96.5596 -0.0712093 -0.00820905 0.997572 8.38375
0.875164 0.479559 0.0659823 -103.351 -0.478867 0.877613 -0.0271041 96.8469 -0.0708976 -0.00787451 0.997596 8.41565
0.873351 0.482802 0.0663566 -103.911 -0.482174 0.875822 -0.0263774 97.1323 -0.0708443 -0.00895691 0.997592 8.46178
0.871446 0.486177 0.0667681 -104.46 -0.485593 0.873944 -0.0259535 97.4243 -0.0709623 -0.00980309 0.997576 8.50488
0.869611 0.4894 0.0671498 -105.008 -0.488916 0.872125 -0.0247558 97.7207 -0.0706713 -0.0113006 0.997581 8.54773
0.867116 0.493886 0.0665774 -105.546 -0.493395 0.869594 -0.0249394 98.0305 -0.0702053 -0.0112214 0.997616 8.58018
0.864904 0.497754 0.066553 -106.128 -0.497398 0.86736 -0.0231614 98.3527 -0.069247 -0.0130685 0.997661 8.61896
0.86202 0.502346 0.0694097 -106.694 -0.502076 0.864672 -0.0227178 98.6863 -0.0714215 -0.0152631 0.997477 8.65214
0.859512 0.505241 0.0788682 -107.234 -0.505861 0.862657 -0.0135446 99.0219 -0.0748719 -0.0282507 0.996941 8.69432
0.857666 0.507957 0.0814843 -107.774 -0.508695 0.860996 -0.01314 99.3439 -0.0768242 -0.0301767 0.996737 8.73636
0.85625 0.510628 0.0796893 -108.328 -0.511293 0.859451 -0.0135323 99.6613 -0.0753913 -0.0291534 0.996878 8.79482
0.85502 0.513396 0.0749889 -108.889 -0.514278 0.857732 -0.00868647 99.9986 -0.068773 -0.0311336 0.997297 8.83537
0.854662 0.514568 0.0709464 -109.371 -0.515847 0.856835 -0.000558796 100.401 -0.0610707 -0.0361149 0.997632 8.8822
0.853229 0.517224 0.0688619 -109.925 -0.51872 0.855088 0.0043492 100.756 -0.0566278 -0.0394254 0.997769 8.91635
0.851508 0.519914 0.0698906 -110.497 -0.521572 0.853339 0.0063494 101.109 -0.0563336 -0.0418538 0.997687 8.94407
0.849278 0.52321 0.0723994 -111.052 -0.524995 0.851236 0.00656451 101.432 -0.0581885 -0.0435784 0.997508 8.96784
0.847933 0.524985 0.0752649 -111.6 -0.52696 0.850013 0.00752948 101.778 -0.0600172 -0.0460398 0.997289 9.00561
0.847342 0.525596 0.0776245 -112.132 -0.527825 0.849454 0.00982924 102.123 -0.0607659 -0.0492941 0.99709 9.04044
0.847239 0.525901 0.0766819 -112.715 -0.527968 0.849385 0.00790649 102.51 -0.0609681 -0.0471777 0.99718 9.09258
0.841708 0.534666 0.0769755 -113.562 -0.53677 0.843851 0.00790352 102.051 -0.0607237 -0.0479639 0.997159 9.13274
0.839312 0.538454 0.0767495 -114.087 -0.540594 0.841401 0.00853346 102.404 -0.0599759 -0.0486457 0.997172 9.16714
0.837658 0.5407 0.0789921 -114.572 -0.54319 0.83968 0.0123563 102.722 -0.0596407 -0.0532507 0.996958 9.20472
0.836263 0.542767 0.0796014 -115.038 -0.545381 0.838235 0.0138078 103.017 -0.059224 -0.0549525 0.996891 9.23435
0.834794 0.544968 0.0799843 -115.471 -0.547608 0.836783 0.0137929 103.318 -0.0594065 -0.0553066 0.996862 9.25652
0.835726 0.543241 0.0819799 -115.479 -0.546012 0.83782 0.014166 103.566 -0.0609822 -0.056593 0.996695 9.2478
0.834293 0.545047 0.0845458 -115.89 -0.547968 0.836543 0.0141208 103.826 -0.0630227 -0.0581012 0.996483 9.26422
0.832399 0.547574 0.0868642 -116.308 -0.550697 0.834734 0.0150061 104.102 -0.0642845 -0.0603184 0.996272 9.29165
0.829803 0.551258 0.0883923 -116.636 -0.55463 0.832083 0.0172318 104.313 -0.0640434 -0.0633151 0.996102 9.30973
0.826927 0.555545 0.0885059 -116.989 -0.558991 0.829141 0.0180961 104.555 -0.0633237 -0.064429 0.996077 9.33349
0.823537 0.560861 0.0865743 -117.37 -0.564134 0.825672 0.0170888 104.8 -0.0618907 -0.0629038 0.996266 9.35816
0.820216 0.566328 0.0824175 -117.738 -0.569219 0.822221 0.0147724 105.059 -0.0593927 -0.0590215 0.996657 9.39329
0.816219 0.572846 0.0768713 -118.071 -0.575456 0.81786 0.0152462 105.284 -0.0541301 -0.0566718 0.997094 9.41844
0.811174 0.580317 0.0741876 -118.441 -0.58285 0.812585 0.0164074 105.529 -0.0507565 -0.056541 0.997279 9.43015
0.805246 0.588439 0.0748019 -118.725 -0.591122 0.806545 0.0183973 105.748 -0.0494998 -0.0590226 0.9972 9.44347
0.79842 0.597672 0.074781 -118.96 -0.600401 0.799646 0.019073 105.956 -0.0483934 -0.0601178 0.997189 9.44335
0.791968 0.606238 0.0744458 -119.075 -0.608978 0.793125 0.0194411 106.108 -0.0472536 -0.0607234 0.997208 9.43758
0.782305 0.618739 0.0737596 -119.261 -0.621468 0.783369 0.0197326 106.258 -0.0455666 -0.0612668 0.997253 9.44037
0.771469 0.632307 0.0728295 -119.424 -0.634956 0.7725 0.0188023 106.337 -0.0443671 -0.0607395 0.99734 9.44088
0.758134 0.648185 0.0732774 -119.57 -0.650839 0.759191 0.0178173 106.425 -0.0440778 -0.0611903 0.997326 9.43848
0.743436 0.664815 0.0748583 -119.743 -0.667477 0.744662 0.0152656 106.616 -0.0455904 -0.0613057 0.997251 9.42767
0.728319 0.681002 0.0779046 -119.918 -0.683781 0.729763 0.0130771 106.739 -0.0479412 -0.0627842 0.99705 9.43047
0.712926 0.69709 0.0780034 -120.094 -0.699668 0.71462 0.00814314 106.861 -0.0500609 -0.0603724 0.997096 9.42672
0.698008 0.71238 0.0747146 -120.255 -0.714522 0.699812 0.00251489 106.987 -0.0504891 -0.0551315 0.997379 9.43251
0.681524 0.728302 0.0733867 -120.413 -0.73033 0.683303 0.000873455 107.109 -0.0495038 -0.0541827 0.997482 9.47161
0.663185 0.744905 0.0747529 -120.49 -0.747129 0.664891 0.00244114 107.303 -0.0478789 -0.0574595 0.997379 9.49403
0.644398 0.761166 0.0752637 -120.547 -0.763523 0.645994 0.00374131 107.536 -0.0457672 -0.0598666 0.997338 9.50686
0.622934 0.778884 0.0747068 -120.721 -0.781274 0.624406 0.00428354 107.693 -0.0433064 -0.0610248 0.997379 9.51402
0.599869 0.797118 0.071061 -120.764 -0.799313 0.601145 0.00390665 107.925 -0.0395997 -0.0591335 0.997649 9.53017
0.576646 0.814341 0.0679571 -120.83 -0.816399 0.577727 0.00417523 108.151 -0.0358569 -0.0578778 0.997865 9.54514
0.551224 0.831964 0.0654037 -121.033 -0.83392 0.552131 0.00460554 108.33 -0.0322765 -0.0570703 0.998034 9.57495
0.526941 0.847824 0.061797 -121.102 -0.849582 0.527719 0.00397656 108.53 -0.0292372 -0.0545874 0.998267 9.56736
0.501103 0.863699 0.0566837 -121.167 -0.865186 0.501734 0.00315366 108.716 -0.025714 -0.0506131 0.998574 9.56888
0.473191 0.879498 0.0535423 -121.253 -0.880862 0.473668 0.00382159 108.883 -0.0219983 -0.0489627 0.998746 9.59156
0.443534 0.894816 0.0536245 -121.323 -0.896203 0.443956 0.00404346 109.074 -0.0201872 -0.0498428 0.998741 9.59019
0.412186 0.909661 0.053981 -121.378 -0.911047 0.412654 0.00230386 109.235 -0.0201783 -0.0501197 0.998728 9.58232
0.378136 0.924295 0.0546634 -121.393 -0.925669 0.378726 -0.000864488 109.49 -0.0215001 -0.0502642 0.998694 9.58618
0.339692 0.939115 0.0545075 -121.405 -0.940465 0.340316 -0.0027208 109.772 -0.0211037 -0.050329 0.9987 9.59182
0.298687 0.952954 0.0544358 -121.437 -0.954315 0.299283 -0.00335613 109.982 -0.019489 -0.0509372 0.998703 9.59717
0.255939 0.965303 0.0546292 -121.437 -0.966687 0.256513 -0.00404639 110.209 -0.0179185 -0.0517644 0.998691 9.6039
0.210031 0.976292 0.0551645 -121.369 -0.977699 0.210645 -0.0058891 110.459 -0.0173692 -0.0526879 0.998654 9.6057
0.161875 0.985422 0.0551731 -121.329 -0.98684 0.16248 -0.00702324 110.704 -0.0158853 -0.0533007 0.998647 9.61056
0.111542 0.992389 0.0550265 -121.356 -0.993827 0.112075 -0.00707758 110.959 -0.0131912 -0.0538879 0.998656 9.61749
0.0595571 0.996857 0.0550849 -121.387 -0.998331 0.0599757 -0.00636629 111.276 -0.00965098 -0.0546043 0.998659 9.62297
0.00760439 0.99857 0.0557386 -121.287 -1.00011 0.00789634 -0.00539874 111.611 -0.00583268 -0.0556939 0.998629 9.62456
-0.0454626 0.997444 0.0578308 -121.217 -0.999116 -0.0453351 -0.00387796 111.878 -0.0012485 -0.0579463 0.998518 9.61965
-0.098589 0.993484 0.0598108 -121.086 -0.995276 -0.0985985 -0.00314339 112.141 0.00277154 -0.0598283 0.998405 9.6134
-0.151022 0.986801 0.061041 -120.984 -0.988657 -0.151196 -0.00211789 112.469 0.00713575 -0.0606585 0.998334 9.60393
-0.201769 0.977632 0.0619273 -120.875 -0.979524 -0.202087 -0.00147303 112.798 0.0110706 -0.0609466 0.998282 9.59624
-0.250191 0.96629 0.0632321 -120.722 -0.968247 -0.250608 -0.00170132 113.055 0.0141979 -0.0616401 0.998201 9.59449
-0.298327 0.952416 0.0649315 -120.578 -0.954458 -0.298855 -0.00195477 113.284 0.0175382 -0.0625477 0.998093 9.59874
-0.345088 0.936338 0.0670609 -120.443 -0.938496 -0.345731 -0.00243572 113.521 0.0208987 -0.063767 0.997951 9.59306
-0.388919 0.918847 0.0690876 -120.286 -0.921111 -0.389689 -0.00278739 113.79 0.0243553 -0.0647115 0.997813 9.58694
-0.42812 0.901225 0.0694039 -120.106 -0.903487 -0.428967 -0.00323844 114.193 0.0268468 -0.0640821 0.997791 9.58406
-0.465214 0.882306 0.073643 -120.129 -0.884823 -0.466249 -0.00376321 114.664 0.0310084 -0.0669017 0.997486 9.57644
-0.498269 0.864083 0.0734984 -120.008 -0.866541 -0.499408 -0.003547 115.119 0.0336332 -0.065447 0.997499 9.56937
-0.525649 0.847771 0.0727259 -119.82 -0.850119 -0.52688 -0.00289058 115.519 0.0358593 -0.0633356 0.997558 9.55638
-0.547858 0.833758 0.0707918 -119.633 -0.83592 -0.549133 -0.00199366 115.865 0.0372037 -0.0602595 0.997701 9.54677
-0.564999 0.822404 0.068861 -119.364 -0.824374 -0.566324 -0.000645805 116.281 0.038458 -0.0571234 0.997839 9.54008
